CPT_CODE
10021
10022
10040
10060
10061
10080
10081
10120
10121
10140
10160
10180
11000
11001
11010
11011
11012
11040
11041
11042
11043
11044
11055
11056
11057
11100
11101
11200
11201
11300
11301
11302
11303
11305
11306
11307
11308
11310
11311
11312
11313
11400
11401
11402
11403
11404
11406
11420
11421
11422
11423
11424
11426
11440
11441
11442
11443
11444
11446
11450
11451
11462
11463
11470
11471
11600
11601
11602
11603
11604
11606
11620
11621
11622
11623
11624
11626
11640
11641
11642
11643
11644
11646
11719
11720
11721
11730
11732
11740
11750
11752
11755
11760
11762
11765
11770
11771
11772
11900
11901
11920
11921
11922
11950
11951
11952
11954
11960
11970
11971
11975
11976
11977
11980
11981
11982
11983
12001
12002
12004
12005
12006
12007
12011
12013
12014
12015
12016
12017
12018
12020
12021
12031
12032
12034
12035
12036
12037
12041
12042
12044
12045
12046
12047
12051
12052
12053
12054
12055
12056
12057
13100
13101
13102
13120
13121
13122
13131
13132
13133
13150
13151
13152
13153
13160
14000
14001
14020
14021
14040
14041
14060
14061
14300
14350
15000
15001
15050
15100
15101
15120
15121
15200
15201
15220
15221
15240
15241
15260
15261
15342
15343
15350
15351
15400
15401
15570
15572
15574
15576
15600
15610
15620
15630
15650
15732
15734
15736
15738
15740
15750
15756
15757
15758
15760
15770
15775
15776
15780
15781
15782
15783
15786
15787
15788
15789
15792
15793
15810
15811
15819
15820
15821
15822
15823
15824
15825
15826
15828
15829
15831
15832
15833
15834
15835
15836
15837
15838
15839
15840
15841
15842
15845
15850
15851
15852
15860
15876
15877
15878
15879
15920
15922
15931
15933
15934
15935
15936
15937
15940
15941
15944
15945
15946
15950
15951
15952
15953
15956
15958
15999
16000
16010
16015
16020
16025
16030
16035
16036
17000
17003
17004
17106
17107
17108
17110
17111
17250
17260
17261
17262
17263
17264
17266
17270
17271
17272
17273
17274
17276
17280
17281
17282
17283
17284
17286
17304
17305
17306
17307
17310
17340
17360
17380
17999
19000
19001
19020
19030
19100
19101
19102
19103
19110
19112
19120
19125
19126
19140
19160
19162
19180
19182
19200
19220
19240
19260
19271
19272
19290
19291
19295
19316
19318
19324
19325
19328
19330
19340
19342
19350
19355
19357
19361
19364
19366
19367
19368
19369
19370
19371
19380
19396
19499
20000
20005
20100
20101
20102
20103
20150
20200
20205
20206
20220
20225
20240
20245
20250
20251
20500
20501
20520
20525
20526
20550
20551
20552
20553
20600
20605
20610
20612
20615
20650
20660
20661
20662
20663
20664
20665
20670
20680
20690
20692
20693
20694
20802
20805
20808
20816
20822
20824
20827
20838
20900
20902
20910
20912
20920
20922
20924
20926
20930
20931
20936
20937
20938
20950
20955
20956
20957
20962
20969
20970
20972
20973
20974
20975
20979
20999
21010
21015
21025
21026
21029
21030
21031
21032
21034
21040
21044
21045
21046
21047
21048
21049
21050
21060
21070
21076
21077
21079
21080
21081
21082
21083
21084
21085
21086
21087
21088
21089
21100
21110
21116
21120
21121
21122
21123
21125
21127
21137
21138
21139
21141
21142
21143
21145
21146
21147
21150
21151
21154
21155
21159
21160
21172
21175
21179
21180
21181
21182
21183
21184
21188
21193
21194
21195
21196
21198
21199
21206
21208
21209
21210
21215
21230
21235
21240
21242
21243
21244
21245
21246
21247
21248
21249
21255
21256
21260
21261
21263
21267
21268
21270
21275
21280
21282
21295
21296
21299
21300
21310
21315
21320
21325
21330
21335
21336
21337
21338
21339
21340
21343
21344
21345
21346
21347
21348
21355
21356
21360
21365
21366
21385
21386
21387
21390
21395
21400
21401
21406
21407
21408
21421
21422
21423
21431
21432
21433
21435
21436
21440
21445
21450
21451
21452
21453
21454
21461
21462
21465
21470
21480
21485
21490
21493
21494
21495
21497
21499
21501
21502
21510
21550
21555
21556
21557
21600
21610
21615
21616
21620
21627
21630
21632
21700
21705
21720
21725
21740
21742
21743
21750
21800
21805
21810
21820
21825
21899
21920
21925
21930
21935
22100
22101
22102
22103
22110
22112
22114
22116
22210
22212
22214
22216
22220
22222
22224
22226
22305
22310
22315
22318
22319
22325
22326
22327
22328
22505
22520
22521
22522
22548
22554
22556
22558
22585
22590
22595
22600
22610
22612
22614
22630
22632
22800
22802
22804
22808
22810
22812
22818
22819
22830
22840
22841
22842
22843
22844
22845
22846
22847
22848
22849
22850
22851
22852
22855
22899
22900
22999
23000
23020
23030
23031
23035
23040
23044
23065
23066
23075
23076
23077
23100
23101
23105
23106
23107
23120
23125
23130
23140
23145
23146
23150
23155
23156
23170
23172
23174
23180
23182
23184
23190
23195
23200
23210
23220
23221
23222
23330
23331
23332
23350
23395
23397
23400
23405
23406
23410
23412
23415
23420
23430
23440
23450
23455
23460
23462
23465
23466
23470
23472
23480
23485
23490
23491
23500
23505
23515
23520
23525
23530
23532
23540
23545
23550
23552
23570
23575
23585
23600
23605
23615
23616
23620
23625
23630
23650
23655
23660
23665
23670
23675
23680
23700
23800
23802
23900
23920
23921
23929
23930
23931
23935
24000
24006
24065
24066
24075
24076
24077
24100
24101
24102
24105
24110
24115
24116
24120
24125
24126
24130
24134
24136
24138
24140
24145
24147
24149
24150
24151
24152
24153
24155
24160
24164
24200
24201
24220
24300
24301
24305
24310
24320
24330
24331
24332
24340
24341
24342
24343
24344
24345
24346
24350
24351
24352
24354
24356
24360
24361
24362
24363
24365
24366
24400
24410
24420
24430
24435
24470
24495
24498
24500
24505
24515
24516
24530
24535
24538
24545
24546
24560
24565
24566
24575
24576
24577
24579
24582
24586
24587
24600
24605
24615
24620
24635
24640
24650
24655
24665
24666
24670
24675
24685
24800
24802
24900
24920
24925
24930
24931
24935
24940
24999
25000
25001
25020
25023
25024
25025
25028
25031
25035
25040
25065
25066
25075
25076
25077
25085
25100
25101
25105
25107
25110
25111
25112
25115
25116
25118
25119
25120
25125
25126
25130
25135
25136
25145
25150
25151
25170
25210
25215
25230
25240
25246
25248
25250
25251
25259
25260
25263
25265
25270
25272
25274
25275
25280
25290
25295
25300
25301
25310
25312
25315
25316
25320
25332
25335
25337
25350
25355
25360
25365
25370
25375
25390
25391
25392
25393
25394
25400
25405
25415
25420
25425
25426
25430
25431
25440
25441
25442
25443
25444
25445
25446
25447
25449
25450
25455
25490
25491
25492
25500
25505
25515
25520
25525
25526
25530
25535
25545
25560
25565
25574
25575
25600
25605
25611
25620
25622
25624
25628
25630
25635
25645
25650
25651
25652
25660
25670
25671
25675
25676
25680
25685
25690
25695
25800
25805
25810
25820
25825
25830
25900
25905
25907
25909
25915
25920
25922
25924
25927
25929
25931
25999
26010
26011
26020
26025
26030
26034
26035
26037
26040
26045
26055
26060
26070
26075
26080
26100
26105
26110
26115
26116
26117
26121
26123
26125
26130
26135
26140
26145
26160
26170
26180
26185
26200
26205
26210
26215
26230
26235
26236
26250
26255
26260
26261
26262
26320
26340
26350
26352
26356
26357
26358
26370
26372
26373
26390
26392
26410
26412
26415
26416
26418
26420
26426
26428
26432
26433
26434
26437
26440
26442
26445
26449
26450
26455
26460
26471
26474
26476
26477
26478
26479
26480
26483
26485
26489
26490
26492
26494
26496
26497
26498
26499
26500
26502
26504
26508
26510
26516
26517
26518
26520
26525
26530
26531
26535
26536
26540
26541
26542
26545
26546
26548
26550
26551
26553
26554
26555
26556
26560
26561
26562
26565
26567
26568
26580
26587
26590
26591
26593
26596
26600
26605
26607
26608
26615
26641
26645
26650
26665
26670
26675
26676
26685
26686
26700
26705
26706
26715
26720
26725
26727
26735
26740
26742
26746
26750
26755
26756
26765
26770
26775
26776
26785
26820
26841
26842
26843
26844
26850
26852
26860
26861
26862
26863
26910
26951
26952
26989
26990
26991
26992
27000
27001
27003
27005
27006
27025
27030
27033
27035
27036
27040
27041
27047
27048
27049
27050
27052
27054
27060
27062
27065
27066
27067
27070
27071
27075
27076
27077
27078
27079
27080
27086
27087
27090
27091
27093
27095
27096
27097
27098
27100
27105
27110
27111
27120
27122
27125
27130
27132
27134
27137
27138
27140
27146
27147
27151
27156
27158
27161
27165
27170
27175
27176
27177
27178
27179
27181
27185
27187
27193
27194
27200
27202
27215
27216
27217
27218
27220
27222
27226
27227
27228
27230
27232
27235
27236
27238
27240
27244
27245
27246
27248
27250
27252
27253
27254
27256
27257
27258
27259
27265
27266
27275
27280
27282
27284
27286
27290
27295
27299
27301
27303
27305
27306
27307
27310
27315
27320
27323
27324
27327
27328
27329
27330
27331
27332
27333
27334
27335
27340
27345
27347
27350
27355
27356
27357
27358
27360
27365
27370
27372
27380
27381
27385
27386
27390
27391
27392
27393
27394
27395
27396
27397
27400
27403
27405
27407
27409
27418
27420
27422
27424
27425
27427
27428
27429
27430
27435
27437
27438
27440
27441
27442
27443
27445
27446
27447
27448
27450
27454
27455
27457
27465
27466
27468
27470
27472
27475
27477
27479
27485
27486
27487
27488
27495
27496
27497
27498
27499
27500
27501
27502
27503
27506
27507
27508
27509
27510
27511
27513
27514
27516
27517
27519
27520
27524
27530
27532
27535
27536
27538
27540
27550
27552
27556
27557
27558
27560
27562
27566
27570
27580
27590
27591
27592
27594
27596
27598
27599
27600
27601
27602
27603
27604
27605
27606
27607
27610
27612
27613
27614
27615
27618
27619
27620
27625
27626
27630
27635
27637
27638
27640
27641
27645
27646
27647
27648
27650
27652
27654
27656
27658
27659
27664
27665
27675
27676
27680
27681
27685
27686
27687
27690
27691
27692
27695
27696
27698
27700
27702
27703
27704
27705
27707
27709
27712
27715
27720
27722
27724
27725
27727
27730
27732
27734
27740
27742
27745
27750
27752
27756
27758
27759
27760
27762
27766
27780
27781
27784
27786
27788
27792
27808
27810
27814
27816
27818
27822
27823
27824
27825
27826
27827
27828
27829
27830
27831
27832
27840
27842
27846
27848
27860
27870
27871
27880
27881
27882
27884
27886
27888
27889
27892
27893
27894
27899
28001
28002
28003
28005
28008
28010
28011
28020
28022
28024
28030
28035
28043
28045
28046
28050
28052
28054
28060
28062
28070
28072
28080
28086
28088
28090
28092
28100
28102
28103
28104
28106
28107
28108
28110
28111
28112
28113
28114
28116
28118
28119
28120
28122
28124
28126
28130
28140
28150
28153
28160
28171
28173
28175
28190
28192
28193
28200
28202
28208
28210
28220
28222
28225
28226
28230
28232
28234
28238
28240
28250
28260
28261
28262
28264
28270
28272
28280
28285
28286
28288
28289
28290
28292
28293
28294
28296
28297
28298
28299
28300
28302
28304
28305
28306
28307
28308
28309
28310
28312
28313
28315
28320
28322
28340
28341
28344
28345
28360
28400
28405
28406
28415
28420
28430
28435
28436
28445
28450
28455
28456
28465
28470
28475
28476
28485
28490
28495
28496
28505
28510
28515
28525
28530
28531
28540
28545
28546
28555
28570
28575
28576
28585
28600
28605
28606
28615
28630
28635
28636
28645
28660
28665
28666
28675
28705
28715
28725
28730
28735
28737
28740
28750
28755
28760
28800
28805
28810
28820
28825
28899
29000
29010
29015
29020
29025
29035
29040
29044
29046
29049
29055
29058
29065
29075
29085
29086
29105
29125
29126
29130
29131
29200
29220
29240
29260
29280
29305
29325
29345
29355
29358
29365
29405
29425
29435
29440
29445
29450
29505
29515
29520
29530
29540
29550
29580
29590
29700
29705
29710
29715
29720
29730
29740
29750
29799
29800
29804
29805
29806
29807
29819
29820
29821
29822
29823
29824
29825
29826
29827
29830
29834
29835
29836
29837
29838
29840
29843
29844
29845
29846
29847
29848
29850
29851
29855
29856
29860
29861
29862
29863
29870
29871
29873
29874
29875
29876
29877
29879
29880
29881
29882
29883
29884
29885
29886
29887
29888
29889
29891
29892
29893
29894
29895
29897
29898
29899
29900
29901
29902
29999
30000
30020
30100
30110
30115
30117
30118
30120
30124
30125
30130
30140
30150
30160
30200
30210
30220
30300
30310
30320
30400
30410
30420
30430
30435
30450
30460
30462
30465
30520
30540
30545
30560
30580
30600
30620
30630
30801
30802
30901
30903
30905
30906
30915
30920
30930
30999
31000
31002
31020
31030
31032
31040
31050
31051
31070
31075
31080
31081
31084
31085
31086
31087
31090
31200
31201
31205
31225
31230
31231
31233
31235
31237
31238
31239
31240
31254
31255
31256
31267
31276
31287
31288
31290
31291
31292
31293
31294
31299
31300
31320
31360
31365
31367
31368
31370
31375
31380
31382
31390
31395
31400
31420
31500
31502
31505
31510
31511
31512
31513
31515
31520
31525
31526
31527
31528
31529
31530
31531
31535
31536
31540
31541
31560
31561
31570
31571
31575
31576
31577
31578
31579
31580
31582
31584
31585
31586
31587
31588
31590
31595
31599
31600
31601
31603
31605
31610
31611
31612
31613
31614
31615
31622
31623
31624
31625
31628
31629
31630
31631
31635
31640
31641
31643
31645
31646
31656
31700
31708
31710
31715
31717
31720
31725
31730
31750
31755
31760
31766
31770
31775
31780
31781
31785
31786
31800
31805
31820
31825
31830
31899
32000
32002
32005
32020
32035
32036
32095
32100
32110
32120
32124
32140
32141
32150
32151
32160
32200
32201
32215
32220
32225
32310
32320
32400
32402
32405
32420
32440
32442
32445
32480
32482
32484
32486
32488
32491
32500
32501
32520
32522
32525
32540
32601
32602
32603
32604
32605
32606
32650
32651
32652
32653
32654
32655
32656
32657
32658
32659
32660
32661
32662
32663
32664
32665
32800
32810
32815
32820
32850
32851
32852
32853
32854
32900
32905
32906
32940
32960
32997
32999
33010
33011
33015
33020
33025
33030
33031
33050
33120
33130
33140
33141
33200
33201
33206
33207
33208
33210
33211
33212
33213
33214
33215
33216
33217
33218
33220
33222
33223
33224
33225
33226
33233
33234
33235
33236
33237
33238
33240
33241
33243
33244
33245
33246
33249
33250
33251
33253
33261
33282
33284
33300
33305
33310
33315
33320
33321
33322
33330
33332
33335
33400
33401
33403
33404
33405
33406
33410
33411
33412
33413
33414
33415
33416
33417
33420
33422
33425
33426
33427
33430
33460
33463
33464
33465
33468
33470
33471
33472
33474
33475
33476
33478
33496
33500
33501
33502
33503
33504
33505
33506
33508
33510
33511
33512
33513
33514
33516
33517
33518
33519
33521
33522
33523
33530
33533
33534
33535
33536
33542
33545
33572
33600
33602
33606
33608
33610
33611
33612
33615
33617
33619
33641
33645
33647
33660
33665
33670
33681
33684
33688
33690
33692
33694
33697
33702
33710
33720
33722
33730
33732
33735
33736
33737
33750
33755
33762
33764
33766
33767
33770
33771
33774
33775
33776
33777
33778
33779
33780
33781
33786
33788
33800
33802
33803
33813
33814
33820
33822
33824
33840
33845
33851
33852
33853
33860
33861
33863
33870
33875
33877
33910
33915
33916
33917
33918
33919
33920
33922
33924
33930
33935
33940
33945
33960
33961
33967
33968
33970
33971
33973
33974
33975
33976
33977
33978
33979
33980
33999
34001
34051
34101
34111
34151
34201
34203
34401
34421
34451
34471
34490
34501
34502
34510
34520
34530
34800
34802
34804
34808
34812
34813
34820
34825
34826
34830
34831
34832
34833
34834
34900
35001
35002
35005
35011
35013
35021
35022
35045
35081
35082
35091
35092
35102
35103
35111
35112
35121
35122
35131
35132
35141
35142
35151
35152
35161
35162
35180
35182
35184
35188
35189
35190
35201
35206
35207
35211
35216
35221
35226
35231
35236
35241
35246
35251
35256
35261
35266
35271
35276
35281
35286
35301
35311
35321
35331
35341
35351
35355
35361
35363
35371
35372
35381
35390
35400
35450
35452
35454
35456
35458
35459
35460
35470
35471
35472
35473
35474
35475
35476
35480
35481
35482
35483
35484
35485
35490
35491
35492
35493
35494
35495
35500
35501
35506
35507
35508
35509
35511
35515
35516
35518
35521
35526
35531
35533
35536
35541
35546
35548
35549
35551
35556
35558
35560
35563
35565
35566
35571
35572
35582
35583
35585
35587
35600
35601
35606
35612
35616
35621
35623
35626
35631
35636
35641
35642
35645
35646
35647
35650
35651
35654
35656
35661
35663
35665
35666
35671
35681
35682
35683
35685
35686
35691
35693
35694
35695
35700
35701
35721
35741
35761
35800
35820
35840
35860
35870
35875
35876
35879
35881
35901
35903
35905
35907
36000
36002
36005
36010
36011
36012
36013
36014
36015
36100
36120
36140
36145
36160
36200
36215
36216
36217
36218
36245
36246
36247
36248
36260
36261
36262
36299
36400
36405
36406
36410
36415
36416
36420
36425
36430
36440
36450
36455
36460
36468
36469
36470
36471
36481
36488
36489
36490
36491
36493
36500
36510
36511
36512
36513
36514
36515
36516
36522
36530
36531
36532
36533
36534
36535
36536
36537
36540
36550
36600
36620
36625
36640
36660
36680
36800
36810
36815
36819
36820
36821
36822
36823
36825
36830
36831
36832
36833
36834
36835
36860
36861
36870
37140
37145
37160
37180
37181
37182
37183
37195
37200
37201
37202
37203
37204
37205
37206
37207
37208
37209
37250
37251
37500
37501
37565
37600
37605
37606
37607
37609
37615
37616
37617
37618
37620
37650
37660
37700
37720
37730
37735
37760
37780
37785
37788
37790
37799
38100
38101
38102
38115
38120
38129
38200
38204
38205
38206
38207
38208
38209
38210
38211
38212
38213
38214
38215
38220
38221
38230
38240
38241
38242
38300
38305
38308
38380
38381
38382
38500
38505
38510
38520
38525
38530
38542
38550
38555
38562
38564
38570
38571
38572
38589
38700
38720
38724
38740
38745
38746
38747
38760
38765
38770
38780
38790
38792
38794
38999
39000
39010
39200
39220
39400
39499
39501
39502
39503
39520
39530
39531
39540
39541
39545
39560
39561
39599
40490
40500
40510
40520
40525
40527
40530
40650
40652
40654
40700
40701
40702
40720
40761
40799
40800
40801
40804
40805
40806
40808
40810
40812
40814
40816
40818
40819
40820
40830
40831
40840
40842
40843
40844
40845
40899
41000
41005
41006
41007
41008
41009
41010
41015
41016
41017
41018
41100
41105
41108
41110
41112
41113
41114
41115
41116
41120
41130
41135
41140
41145
41150
41153
41155
41250
41251
41252
41500
41510
41520
41599
41800
41805
41806
41820
41821
41822
41823
41825
41826
41827
41828
41830
41850
41870
41872
41874
41899
42000
42100
42104
42106
42107
42120
42140
42145
42160
42180
42182
42200
42205
42210
42215
42220
42225
42226
42227
42235
42260
42280
42281
42299
42300
42305
42310
42320
42325
42326
42330
42335
42340
42400
42405
42408
42409
42410
42415
42420
42425
42426
42440
42450
42500
42505
42507
42508
42509
42510
42550
42600
42650
42660
42665
42699
42700
42720
42725
42800
42802
42804
42806
42808
42809
42810
42815
42820
42821
42825
42826
42830
42831
42835
42836
42842
42844
42845
42860
42870
42890
42892
42894
42900
42950
42953
42955
42960
42961
42962
42970
42971
42972
42999
43020
43030
43045
43100
43101
43107
43108
43112
43113
43116
43117
43118
43121
43122
43123
43124
43130
43135
43200
43201
43202
43204
43205
43215
43216
43217
43219
43220
43226
43227
43228
43231
43232
43234
43235
43236
43239
43240
43241
43242
43243
43244
43245
43246
43247
43248
43249
43250
43251
43255
43256
43258
43259
43260
43261
43262
43263
43264
43265
43267
43268
43269
43271
43272
43280
43289
43300
43305
43310
43312
43313
43314
43320
43324
43325
43326
43330
43331
43340
43341
43350
43351
43352
43360
43361
43400
43401
43405
43410
43415
43420
43425
43450
43453
43456
43458
43460
43496
43499
43500
43501
43502
43510
43520
43600
43605
43610
43611
43620
43621
43622
43631
43632
43633
43634
43635
43638
43639
43640
43641
43651
43652
43653
43659
43750
43752
43760
43761
43800
43810
43820
43825
43830
43831
43832
43840
43842
43843
43846
43847
43848
43850
43855
43860
43865
43870
43880
43999
44005
44010
44015
44020
44021
44025
44050
44055
44100
44110
44111
44120
44121
44125
44126
44127
44128
44130
44132
44133
44135
44136
44139
44140
44141
44143
44144
44145
44146
44147
44150
44151
44152
44153
44155
44156
44160
44200
44201
44202
44203
44204
44205
44206
44207
44208
44210
44211
44212
44238
44239
44300
44310
44312
44314
44316
44320
44322
44340
44345
44346
44360
44361
44363
44364
44365
44366
44369
44370
44372
44373
44376
44377
44378
44379
44380
44382
44383
44385
44386
44388
44389
44390
44391
44392
44393
44394
44397
44500
44602
44603
44604
44605
44615
44620
44625
44626
44640
44650
44660
44661
44680
44700
44701
44799
44800
44820
44850
44899
44900
44901
44950
44955
44960
44970
44979
45000
45005
45020
45100
45108
45110
45111
45112
45113
45114
45116
45119
45120
45121
45123
45126
45130
45135
45136
45150
45160
45170
45190
45300
45303
45305
45307
45308
45309
45315
45317
45320
45321
45327
45330
45331
45332
45333
45334
45335
45337
45338
45339
45340
45341
45342
45345
45355
45378
45379
45380
45381
45382
45383
45384
45385
45386
45387
45500
45505
45520
45540
45541
45550
45560
45562
45563
45800
45805
45820
45825
45900
45905
45910
45915
45999
46020
46030
46040
46045
46050
46060
46070
46080
46083
46200
46210
46211
46220
46221
46230
46250
46255
46257
46258
46260
46261
46262
46270
46275
46280
46285
46288
46320
46500
46600
46604
46606
46608
46610
46611
46612
46614
46615
46700
46705
46706
46715
46716
46730
46735
46740
46742
46744
46746
46748
46750
46751
46753
46754
46760
46761
46762
46900
46910
46916
46917
46922
46924
46934
46935
46936
46937
46938
46940
46942
46945
46946
46999
47000
47001
47010
47011
47015
47100
47120
47122
47125
47130
47133
47134
47135
47136
47300
47350
47360
47361
47362
47370
47371
47379
47380
47381
47382
47399
47400
47420
47425
47460
47480
47490
47500
47505
47510
47511
47525
47530
47550
47552
47553
47554
47555
47556
47560
47561
47562
47563
47564
47570
47579
47600
47605
47610
47612
47620
47630
47700
47701
47711
47712
47715
47716
47720
47721
47740
47741
47760
47765
47780
47785
47800
47801
47802
47900
47999
48000
48001
48005
48020
48100
48102
48120
48140
48145
48146
48148
48150
48152
48153
48154
48155
48160
48180
48400
48500
48510
48511
48520
48540
48545
48547
48550
48554
48556
48999
49000
49002
49010
49020
49021
49040
49041
49060
49061
49062
49080
49081
49085
49180
49200
49201
49215
49220
49250
49255
49320
49321
49322
49323
49329
49400
49419
49420
49421
49422
49423
49424
49425
49426
49427
49428
49429
49491
49492
49495
49496
49500
49501
49505
49507
49520
49521
49525
49540
49550
49553
49555
49557
49560
49561
49565
49566
49568
49570
49572
49580
49582
49585
49587
49590
49600
49605
49606
49610
49611
49650
49651
49659
49900
49904
49905
49906
49999
50010
50020
50021
50040
50045
50060
50065
50070
50075
50080
50081
50100
50120
50125
50130
50135
50200
50205
50220
50225
50230
50234
50236
50240
50280
50290
50300
50320
50340
50360
50365
50370
50380
50390
50392
50393
50394
50395
50396
50398
50400
50405
50500
50520
50525
50526
50540
50541
50542
50543
50544
50545
50546
50547
50548
50549
50551
50553
50555
50557
50559
50561
50562
50570
50572
50574
50575
50576
50578
50580
50590
50600
50605
50610
50620
50630
50650
50660
50684
50686
50688
50690
50700
50715
50722
50725
50727
50728
50740
50750
50760
50770
50780
50782
50783
50785
50800
50810
50815
50820
50825
50830
50840
50845
50860
50900
50920
50930
50940
50945
50947
50948
50949
50951
50953
50955
50957
50959
50961
50970
50972
50974
50976
50978
50980
51000
51005
51010
51020
51030
51040
51045
51050
51060
51065
51080
51500
51520
51525
51530
51535
51550
51555
51565
51570
51575
51580
51585
51590
51595
51596
51597
51600
51605
51610
51700
51701
51702
51703
51705
51710
51715
51720
51725
51726
51736
51741
51772
51784
51785
51792
51795
51797
51798
51800
51820
51840
51841
51845
51860
51865
51880
51900
51920
51925
51940
51960
51980
51990
51992
52000
52001
52005
52007
52010
52204
52214
52224
52234
52235
52240
52250
52260
52265
52270
52275
52276
52277
52281
52282
52283
52285
52290
52300
52301
52305
52310
52315
52317
52318
52320
52325
52327
52330
52332
52334
52341
52342
52343
52344
52345
52346
52347
52351
52352
52353
52354
52355
52400
52450
52500
52510
52601
52606
52612
52614
52620
52630
52640
52647
52648
52700
53000
53010
53020
53025
53040
53060
53080
53085
53200
53210
53215
53220
53230
53235
53240
53250
53260
53265
53270
53275
53400
53405
53410
53415
53420
53425
53430
53431
53440
53442
53444
53445
53446
53447
53448
53449
53450
53460
53502
53505
53510
53515
53520
53600
53601
53605
53620
53621
53660
53661
53665
53850
53852
53853
53899
54000
54001
54015
54050
54055
54056
54057
54060
54065
54100
54105
54110
54111
54112
54115
54120
54125
54130
54135
54150
54152
54160
54161
54162
54163
54164
54200
54205
54220
54230
54231
54235
54240
54250
54300
54304
54308
54312
54316
54318
54322
54324
54326
54328
54332
54336
54340
54344
54348
54352
54360
54380
54385
54390
54400
54401
54405
54406
54408
54410
54411
54415
54416
54417
54420
54430
54435
54440
54450
54500
54505
54512
54520
54522
54530
54535
54550
54560
54600
54620
54640
54650
54660
54670
54680
54690
54692
54699
54700
54800
54820
54830
54840
54860
54861
54900
54901
55000
55040
55041
55060
55100
55110
55120
55150
55175
55180
55200
55250
55300
55400
55450
55500
55520
55530
55535
55540
55550
55559
55600
55605
55650
55680
55700
55705
55720
55725
55801
55810
55812
55815
55821
55831
55840
55842
55845
55859
55860
55862
55865
55866
55870
55873
55899
55970
55980
56405
56420
56440
56441
56501
56515
56605
56606
56620
56625
56630
56631
56632
56633
56634
56637
56640
56700
56720
56740
56800
56805
56810
56820
56821
57000
57010
57020
57022
57023
57061
57065
57100
57105
57106
57107
57109
57110
57111
57112
57120
57130
57135
57150
57155
57160
57170
57180
57200
57210
57220
57230
57240
57250
57260
57265
57268
57270
57280
57282
57284
57287
57288
57289
57291
57292
57300
57305
57307
57308
57310
57311
57320
57330
57335
57400
57410
57415
57420
57421
57452
57454
57455
57456
57460
57461
57500
57505
57510
57511
57513
57520
57522
57530
57531
57540
57545
57550
57555
57556
57700
57720
57800
57820
58100
58120
58140
58145
58146
58150
58152
58180
58200
58210
58240
58260
58262
58263
58267
58270
58275
58280
58285
58290
58291
58292
58293
58294
58300
58301
58321
58322
58323
58340
58345
58346
58350
58353
58400
58410
58520
58540
58545
58546
58550
58552
58553
58554
58555
58558
58559
58560
58561
58562
58563
58578
58579
58600
58605
58611
58615
58660
58661
58662
58670
58671
58672
58673
58679
58700
58720
58740
58750
58752
58760
58770
58800
58805
58820
58822
58823
58825
58900
58920
58925
58940
58943
58950
58951
58952
58953
58954
58960
58970
58974
58976
58999
59000
59001
59012
59015
59020
59025
59030
59050
59051
59100
59120
59121
59130
59135
59136
59140
59150
59151
59160
59200
59300
59320
59325
59350
59400
59409
59410
59412
59414
59425
59426
59430
59510
59514
59515
59525
59610
59612
59614
59618
59620
59622
59812
59820
59821
59830
59840
59841
59850
59851
59852
59855
59856
59857
59866
59870
59871
59898
59899
60000
60001
60100
60200
60210
60212
60220
60225
60240
60252
60254
60260
60270
60271
60280
60281
60500
60502
60505
60512
60520
60521
60522
60540
60545
60600
60605
60650
60659
60699
61000
61001
61020
61026
61050
61055
61070
61105
61107
61108
61120
61140
61150
61151
61154
61156
61210
61215
61250
61253
61304
61305
61312
61313
61314
61315
61316
61320
61321
61322
61323
61330
61332
61333
61334
61340
61343
61345
61440
61450
61458
61460
61470
61480
61490
61500
61501
61510
61512
61514
61516
61517
61518
61519
61520
61521
61522
61524
61526
61530
61531
61533
61534
61535
61536
61538
61539
61541
61542
61543
61544
61545
61546
61548
61550
61552
61556
61557
61558
61559
61563
61564
61570
61571
61575
61576
61580
61581
61582
61583
61584
61585
61586
61590
61591
61592
61595
61596
61597
61598
61600
61601
61605
61606
61607
61608
61609
61610
61611
61612
61613
61615
61616
61618
61619
61623
61624
61626
61680
61682
61684
61686
61690
61692
61697
61698
61700
61702
61703
61705
61708
61710
61711
61720
61735
61750
61751
61760
61770
61790
61791
61793
61795
61850
61860
61862
61870
61875
61880
61885
61886
61888
62000
62005
62010
62100
62115
62116
62117
62120
62121
62140
62141
62142
62143
62145
62146
62147
62148
62160
62161
62162
62163
62164
62165
62180
62190
62192
62194
62200
62201
62220
62223
62225
62230
62252
62256
62258
62263
62264
62268
62269
62270
62272
62273
62280
62281
62282
62284
62287
62290
62291
62292
62294
62310
62311
62318
62319
62350
62351
62355
62360
62361
62362
62365
62367
62368
63001
63003
63005
63011
63012
63015
63016
63017
63020
63030
63035
63040
63042
63043
63044
63045
63046
63047
63048
63055
63056
63057
63064
63066
63075
63076
63077
63078
63081
63082
63085
63086
63087
63088
63090
63091
63170
63172
63173
63180
63182
63185
63190
63191
63194
63195
63196
63197
63198
63199
63200
63250
63251
63252
63265
63266
63267
63268
63270
63271
63272
63273
63275
63276
63277
63278
63280
63281
63282
63283
63285
63286
63287
63290
63300
63301
63302
63303
63304
63305
63306
63307
63308
63600
63610
63615
63650
63655
63660
63685
63688
63700
63702
63704
63706
63707
63709
63710
63740
63741
63744
63746
64400
64402
64405
64408
64410
64412
64413
64415
64416
64417
64418
64420
64421
64425
64430
64435
64445
64446
64447
64448
64450
64470
64472
64475
64476
64479
64480
64483
64484
64505
64508
64510
64520
64530
64550
64553
64555
64560
64561
64565
64573
64575
64577
64580
64581
64585
64590
64595
64600
64605
64610
64612
64613
64614
64620
64622
64623
64626
64627
64630
64640
64680
64702
64704
64708
64712
64713
64714
64716
64718
64719
64721
64722
64726
64727
64732
64734
64736
64738
64740
64742
64744
64746
64752
64755
64760
64761
64763
64766
64771
64772
64774
64776
64778
64782
64783
64784
64786
64787
64788
64790
64792
64795
64802
64804
64809
64818
64820
64821
64822
64823
64831
64832
64834
64835
64836
64837
64840
64856
64857
64858
64859
64861
64862
64864
64865
64866
64868
64870
64872
64874
64876
64885
64886
64890
64891
64892
64893
64895
64896
64897
64898
64901
64902
64905
64907
64999
65091
65093
65101
65103
65105
65110
65112
65114
65125
65130
65135
65140
65150
65155
65175
65205
65210
65220
65222
65235
65260
65265
65270
65272
65273
65275
65280
65285
65286
65290
65400
65410
65420
65426
65430
65435
65436
65450
65600
65710
65730
65750
65755
65760
65765
65767
65770
65771
65772
65775
65800
65805
65810
65815
65820
65850
65855
65860
65865
65870
65875
65880
65900
65920
65930
66020
66030
66130
66150
66155
66160
66165
66170
66172
66180
66185
66220
66225
66250
66500
66505
66600
66605
66625
66630
66635
66680
66682
66700
66710
66720
66740
66761
66762
66770
66820
66821
66825
66830
66840
66850
66852
66920
66930
66940
66982
66983
66984
66985
66986
66990
66999
67005
67010
67015
67025
67027
67028
67030
67031
67036
67038
67039
67040
67101
67105
67107
67108
67110
67112
67115
67120
67121
67141
67145
67208
67210
67218
67220
67221
67225
67227
67228
67250
67255
67299
67311
67312
67314
67316
67318
67320
67331
67332
67334
67335
67340
67343
67345
67350
67399
67400
67405
67412
67413
67414
67415
67420
67430
67440
67445
67450
67500
67505
67515
67550
67560
67570
67599
67700
67710
67715
67800
67801
67805
67808
67810
67820
67825
67830
67835
67840
67850
67875
67880
67882
67900
67901
67902
67903
67904
67906
67908
67909
67911
67914
67915
67916
67917
67921
67922
67923
67924
67930
67935
67938
67950
67961
67966
67971
67973
67974
67975
67999
68020
68040
68100
68110
68115
68130
68135
68200
68320
68325
68326
68328
68330
68335
68340
68360
68362
68399
68400
68420
68440
68500
68505
68510
68520
68525
68530
68540
68550
68700
68705
68720
68745
68750
68760
68761
68770
68801
68810
68811
68815
68840
68850
68899
69000
69005
69020
69090
69100
69105
69110
69120
69140
69145
69150
69155
69200
69205
69210
69220
69222
69300
69310
69320
69399
69400
69401
69405
69410
69420
69421
69424
69433
69436
69440
69450
69501
69502
69505
69511
69530
69535
69540
69550
69552
69554
69601
69602
69603
69604
69605
69610
69620
69631
69632
69633
69635
69636
69637
69641
69642
69643
69644
69645
69646
69650
69660
69661
69662
69666
69667
69670
69676
69700
69710
69711
69714
69715
69717
69718
69720
69725
69740
69745
69799
69801
69802
69805
69806
69820
69840
69905
69910
69915
69930
69949
69950
69955
69960
69970
69979
69990
70010
70015
70030
70100
70110
70120
70130
70134
70140
70150
70160
70170
70190
70200
70210
70220
70240
70250
70260
70300
70310
70320
70328
70330
70332
70336
70350
70355
70360
70370
70371
70373
70380
70390
70450
70460
70470
70480
70481
70482
70486
70487
70488
70490
70491
70492
70496
70498
70540
70542
70543
70544
70545
70546
70547
70548
70549
70551
70552
70553
71010
71015
71020
71021
71022
71023
71030
71034
71035
71040
71060
71090
71100
71101
71110
71111
71120
71130
71250
71260
71270
71275
71550
71551
71552
71555
72010
72020
72040
72050
72052
72069
72070
72072
72074
72080
72090
72100
72110
72114
72120
72125
72126
72127
72128
72129
72130
72131
72132
72133
72141
72142
72146
72147
72148
72149
72156
72157
72158
72159
72170
72190
72191
72192
72193
72194
72195
72196
72197
72198
72200
72202
72220
72240
72255
72265
72270
72275
72285
72295
73000
73010
73020
73030
73040
73050
73060
73070
73080
73085
73090
73092
73100
73110
73115
73120
73130
73140
73200
73201
73202
73206
73218
73219
73220
73221
73222
73223
73225
73500
73510
73520
73525
73530
73540
73542
73550
73560
73562
73564
73565
73580
73590
73592
73600
73610
73615
73620
73630
73650
73660
73700
73701
73702
73706
73718
73719
73720
73721
73722
73723
73725
74000
74010
74020
74022
74150
74160
74170
74175
74181
74182
74183
74185
74190
74210
74220
74230
74235
74240
74241
74245
74246
74247
74249
74250
74251
74260
74270
74280
74283
74290
74291
74300
74301
74305
74320
74327
74328
74329
74330
74340
74350
74355
74360
74363
74400
74410
74415
74420
74425
74430
74440
74445
74450
74455
74470
74475
74480
74485
74710
74740
74742
74775
75552
75553
75554
75555
75556
75600
75605
75625
75630
75635
75650
75658
75660
75662
75665
75671
75676
75680
75685
75705
75710
75716
75722
75724
75726
75731
75733
75736
75741
75743
75746
75756
75774
75790
75801
75803
75805
75807
75809
75810
75820
75822
75825
75827
75831
75833
75840
75842
75860
75870
75872
75880
75885
75887
75889
75891
75893
75894
75896
75898
75900
75901
75902
75940
75945
75946
75952
75953
75954
75960
75961
75962
75964
75966
75968
75970
75978
75980
75982
75984
75989
75992
75993
75994
75995
75996
76000
76001
76003
76005
76006
76010
76012
76013
76020
76040
76061
76062
76065
76066
76070
76071
76075
76076
76078
76080
76085
76086
76088
76090
76091
76092
76093
76094
76095
76096
76098
76100
76101
76102
76120
76125
76140
76150
76350
76355
76360
76362
76370
76375
76380
76390
76393
76394
76400
76490
76496
76497
76498
76499
76506
76511
76512
76513
76516
76519
76529
76536
76604
76645
76700
76705
76770
76775
76778
76800
76801
76802
76805
76810
76811
76812
76815
76816
76817
76818
76819
76825
76826
76827
76828
76830
76831
76856
76857
76870
76872
76873
76880
76885
76886
76930
76932
76936
76941
76942
76945
76946
76948
76950
76965
76970
76975
76977
76986
76999
77261
77262
77263
77280
77285
77290
77295
77299
77300
77301
77305
77310
77315
77321
77326
77327
77328
77331
77332
77333
77334
77336
77370
77399
77401
77402
77403
77404
77406
77407
77408
77409
77411
77412
77413
77414
77416
77417
77418
77427
77431
77432
77470
77499
77520
77522
77523
77525
77600
77605
77610
77615
77620
77750
77761
77762
77763
77776
77777
77778
77781
77782
77783
77784
77789
77790
77799
78000
78001
78003
78006
78007
78010
78011
78015
78016
78018
78020
78070
78075
78099
78102
78103
78104
78110
78111
78120
78121
78122
78130
78135
78140
78160
78162
78170
78172
78185
78190
78191
78195
78199
78201
78202
78205
78206
78215
78216
78220
78223
78230
78231
78232
78258
78261
78262
78264
78267
78268
78270
78271
78272
78278
78282
78290
78291
78299
78300
78305
78306
78315
78320
78350
78351
78399
78414
78428
78445
78455
78456
78457
78458
78459
78460
78461
78464
78465
78466
78468
78469
78472
78473
78478
78480
78481
78483
78491
78492
78494
78496
78499
78580
78584
78585
78586
78587
78588
78591
78593
78594
78596
78599
78600
78601
78605
78606
78607
78608
78609
78610
78615
78630
78635
78645
78647
78650
78660
78699
78700
78701
78704
78707
78708
78709
78710
78715
78725
78730
78740
78760
78761
78799
78800
78801
78802
78803
78805
78806
78807
78810
78890
78891
78990
78999
79000
79001
79020
79030
79035
79100
79200
79300
79400
79420
79440
79900
79999
80048
80050
80051
80053
80055
80061
80069
80074
80076
80100
80101
80102
80103
80150
80152
80154
80156
80157
80158
80160
80162
80164
80166
80168
80170
80172
80173
80174
80176
80178
80182
80184
80185
80186
80188
80190
80192
80194
80196
80197
80198
80200
80201
80202
80299
80400
80402
80406
80408
80410
80412
80414
80415
80416
80417
80418
80420
80422
80424
80426
80428
80430
80432
80434
80435
80436
80438
80439
80440
80500
80502
81000
81001
81002
81003
81005
81007
81015
81020
81025
81050
81099
82000
82003
82009
82010
82013
82016
82017
82024
82030
82040
82042
82043
82044
82055
82075
82085
82088
82101
82103
82104
82105
82106
82108
82120
82127
82128
82131
82135
82136
82139
82140
82143
82145
82150
82154
82157
82160
82163
82164
82172
82175
82180
82190
82205
82232
82239
82240
82247
82248
82252
82261
82270
82273
82274
82286
82300
82306
82307
82308
82310
82330
82331
82340
82355
82360
82365
82370
82373
82374
82375
82376
82378
82379
82380
82382
82383
82384
82387
82390
82397
82415
82435
82436
82438
82441
82465
82480
82482
82485
82486
82487
82488
82489
82491
82492
82495
82507
82520
82523
82525
82528
82530
82533
82540
82541
82542
82543
82544
82550
82552
82553
82554
82565
82570
82575
82585
82595
82600
82607
82608
82615
82626
82627
82633
82634
82638
82646
82649
82651
82652
82654
82657
82658
82664
82666
82668
82670
82671
82672
82677
82679
82690
82693
82696
82705
82710
82715
82725
82726
82728
82731
82735
82742
82746
82747
82757
82759
82760
82775
82776
82784
82785
82787
82800
82803
82805
82810
82820
82926
82928
82938
82941
82943
82945
82946
82947
82948
82950
82951
82952
82953
82955
82960
82962
82963
82965
82975
82977
82978
82979
82980
82985
83001
83002
83003
83008
83010
83012
83013
83014
83015
83018
83020
83021
83026
83030
83033
83036
83045
83050
83051
83055
83060
83065
83068
83069
83070
83071
83080
83088
83090
83150
83491
83497
83498
83499
83500
83505
83516
83518
83519
83520
83525
83527
83528
83540
83550
83570
83582
83586
83593
83605
83615
83625
83632
83633
83634
83655
83661
83662
83663
83664
83670
83690
83715
83716
83718
83719
83721
83727
83735
83775
83785
83788
83789
83805
83825
83835
83840
83857
83858
83864
83866
83872
83873
83874
83880
83883
83885
83887
83890
83891
83892
83893
83894
83896
83897
83898
83901
83902
83903
83904
83905
83906
83912
83915
83916
83918
83919
83921
83925
83930
83935
83937
83945
83950
83970
83986
83992
84022
84030
84035
84060
84061
84066
84075
84078
84080
84081
84085
84087
84100
84105
84106
84110
84119
84120
84126
84127
84132
84133
84134
84135
84138
84140
84143
84144
84146
84150
84152
84153
84154
84155
84160
84165
84181
84182
84202
84203
84206
84207
84210
84220
84228
84233
84234
84235
84238
84244
84252
84255
84260
84270
84275
84285
84295
84300
84302
84305
84307
84311
84315
84375
84376
84377
84378
84379
84392
84402
84403
84425
84430
84432
84436
84437
84439
84442
84443
84445
84446
84449
84450
84460
84466
84478
84479
84480
84481
84482
84484
84485
84488
84490
84510
84512
84520
84525
84540
84545
84550
84560
84577
84578
84580
84583
84585
84586
84588
84590
84591
84597
84600
84620
84630
84681
84702
84703
84830
84999
85002
85004
85007
85008
85009
85013
85014
85018
85025
85027
85032
85041
85044
85045
85046
85048
85049
85060
85097
85130
85170
85175
85210
85220
85230
85240
85244
85245
85246
85247
85250
85260
85270
85280
85290
85291
85292
85293
85300
85301
85302
85303
85305
85306
85307
85335
85337
85345
85347
85348
85360
85362
85366
85370
85378
85379
85380
85384
85385
85390
85400
85410
85415
85420
85421
85441
85445
85460
85461
85475
85520
85525
85530
85536
85540
85547
85549
85555
85557
85576
85597
85610
85611
85612
85613
85635
85651
85652
85660
85670
85675
85705
85730
85732
85810
85999
86000
86001
86003
86005
86021
86022
86023
86038
86039
86060
86063
86077
86078
86079
86140
86141
86146
86147
86148
86155
86156
86157
86160
86161
86162
86171
86185
86215
86225
86226
86235
86243
86255
86256
86277
86280
86294
86300
86301
86304
86308
86309
86310
86316
86317
86318
86320
86325
86327
86329
86331
86332
86334
86336
86337
86340
86341
86343
86344
86353
86359
86360
86361
86376
86378
86382
86384
86403
86406
86430
86431
86485
86490
86510
86580
86585
86586
86590
86592
86593
86602
86603
86606
86609
86611
86612
86615
86617
86618
86619
86622
86625
86628
86631
86632
86635
86638
86641
86644
86645
86648
86651
86652
86653
86654
86658
86663
86664
86665
86666
86668
86671
86674
86677
86682
86684
86687
86688
86689
86692
86694
86695
86696
86698
86701
86702
86703
86704
86705
86706
86707
86708
86709
86710
86713
86717
86720
86723
86727
86729
86732
86735
86738
86741
86744
86747
86750
86753
86756
86757
86759
86762
86765
86768
86771
86774
86777
86778
86781
86784
86787
86790
86793
86800
86803
86804
86805
86806
86807
86808
86812
86813
86816
86817
86821
86822
86849
86850
86860
86870
86880
86885
86886
86890
86891
86900
86901
86903
86904
86905
86906
86910
86911
86920
86921
86922
86927
86930
86931
86932
86940
86941
86945
86950
86965
86970
86971
86972
86975
86976
86977
86978
86985
86999
87001
87003
87015
87040
87045
87046
87070
87071
87073
87075
87076
87077
87081
87084
87086
87088
87101
87102
87103
87106
87107
87109
87110
87116
87118
87140
87143
87147
87149
87152
87158
87164
87166
87168
87169
87172
87176
87177
87181
87184
87185
87186
87187
87188
87190
87197
87205
87206
87207
87210
87220
87230
87250
87252
87253
87254
87255
87260
87265
87267
87270
87271
87272
87273
87274
87275
87276
87277
87278
87279
87280
87281
87283
87285
87290
87299
87300
87301
87320
87324
87327
87328
87332
87335
87336
87337
87338
87339
87340
87341
87350
87380
87385
87390
87391
87400
87420
87425
87427
87430
87449
87450
87451
87470
87471
87472
87475
87476
87477
87480
87481
87482
87485
87486
87487
87490
87491
87492
87495
87496
87497
87510
87511
87512
87515
87516
87517
87520
87521
87522
87525
87526
87527
87528
87529
87530
87531
87532
87533
87534
87535
87536
87537
87538
87539
87540
87541
87542
87550
87551
87552
87555
87556
87557
87560
87561
87562
87580
87581
87582
87590
87591
87592
87620
87621
87622
87650
87651
87652
87797
87798
87799
87800
87801
87802
87803
87804
87810
87850
87880
87899
87901
87902
87903
87904
87999
88000
88005
88007
88012
88014
88016
88020
88025
88027
88028
88029
88036
88037
88040
88045
88099
88104
88106
88107
88108
88125
88130
88140
88141
88142
88143
88147
88148
88150
88152
88153
88154
88155
88160
88161
88162
88164
88165
88166
88167
88172
88173
88174
88175
88180
88182
88199
88230
88233
88235
88237
88239
88240
88241
88245
88248
88249
88261
88262
88263
88264
88267
88269
88271
88272
88273
88274
88275
88280
88283
88285
88289
88291
88299
88300
88302
88304
88305
88307
88309
88311
88312
88313
88314
88318
88319
88321
88323
88325
88329
88331
88332
88342
88346
88347
88348
88349
88355
88356
88358
88362
88365
88371
88372
88380
88399
88400
89050
89051
89055
89060
89100
89105
89125
89130
89132
89135
89136
89140
89141
89160
89190
89250
89251
89252
89253
89254
89255
89256
89257
89258
89259
89260
89261
89264
89300
89310
89320
89321
89325
89329
89330
89350
89355
89360
89365
89399
90281
90283
90287
90288
90291
90296
90371
90375
90376
90378
90379
90384
90385
90386
90389
90393
90396
90399
90471
90472
90473
90474
90476
90477
90581
90585
90586
90632
90633
90634
90636
90645
90646
90647
90648
90657
90658
90659
90660
90665
90669
90675
90676
90680
90690
90691
90692
90693
90700
90701
90702
90703
90704
90705
90706
90707
90708
90710
90712
90713
90716
90717
90718
90719
90720
90721
90723
90725
90727
90732
90733
90735
90740
90743
90744
90746
90747
90748
90749
90780
90781
90782
90783
90784
90788
90799
90801
90802
90804
90805
90806
90807
90808
90809
90810
90811
90812
90813
90814
90815
90816
90817
90818
90819
90821
90822
90823
90824
90826
90827
90828
90829
90845
90846
90847
90849
90853
90857
90862
90865
90870
90871
90875
90876
90880
90882
90885
90887
90889
90899
90901
90911
90918
90919
90920
90921
90922
90923
90924
90925
90935
90937
90939
90940
90945
90947
90989
90993
90997
90999
91000
91010
91011
91012
91020
91030
91032
91033
91052
91055
91060
91065
91100
91105
91122
91123
91132
91133
91299
92002
92004
92012
92014
92015
92018
92019
92020
92060
92065
92070
92081
92082
92083
92100
92120
92130
92135
92136
92140
92225
92226
92230
92235
92240
92250
92260
92265
92270
92275
92283
92284
92285
92286
92287
92310
92311
92312
92313
92314
92315
92316
92317
92325
92326
92330
92335
92340
92341
92342
92352
92353
92354
92355
92358
92370
92371
92390
92391
92392
92393
92395
92396
92499
92502
92504
92506
92507
92508
92510
92511
92512
92516
92520
92526
92531
92532
92533
92534
92541
92542
92543
92544
92545
92546
92547
92548
92551
92552
92553
92555
92556
92557
92559
92560
92561
92562
92563
92564
92565
92567
92568
92569
92571
92572
92573
92575
92576
92577
92579
92582
92583
92584
92585
92586
92587
92588
92589
92590
92591
92592
92593
92594
92595
92596
92597
92601
92602
92603
92604
92605
92606
92607
92608
92609
92610
92611
92612
92613
92614
92615
92616
92617
92700
92950
92953
92960
92961
92970
92971
92973
92974
92975
92977
92978
92979
92980
92981
92982
92984
92986
92987
92990
92992
92993
92995
92996
92997
92998
93000
93005
93010
93012
93014
93015
93016
93017
93018
93024
93025
93040
93041
93042
93224
93225
93226
93227
93230
93231
93232
93233
93235
93236
93237
93268
93270
93271
93272
93278
93303
93304
93307
93308
93312
93313
93314
93315
93316
93317
93318
93320
93321
93325
93350
93501
93503
93505
93508
93510
93511
93514
93524
93526
93527
93528
93529
93530
93531
93532
93533
93539
93540
93541
93542
93543
93544
93545
93555
93556
93561
93562
93571
93572
93580
93581
93600
93602
93603
93609
93610
93612
93613
93615
93616
93618
93619
93620
93621
93622
93623
93624
93631
93640
93641
93642
93650
93651
93652
93660
93662
93668
93701
93720
93721
93722
93724
93727
93731
93732
93733
93734
93735
93736
93740
93741
93742
93743
93744
93760
93762
93770
93784
93786
93788
93790
93797
93798
93799
93875
93880
93882
93886
93888
93922
93923
93924
93925
93926
93930
93931
93965
93970
93971
93975
93976
93978
93979
93980
93981
93990
94010
94014
94015
94016
94060
94070
94150
94200
94240
94250
94260
94350
94360
94370
94375
94400
94450
94620
94621
94640
94642
94656
94657
94660
94662
94664
94667
94668
94680
94681
94690
94720
94725
94750
94760
94761
94762
94770
94772
94799
95004
95010
95015
95024
95027
95028
95044
95052
95056
95060
95065
95070
95071
95075
95078
95115
95117
95120
95125
95130
95131
95132
95133
95134
95144
95145
95146
95147
95148
95149
95165
95170
95180
95199
95250
95805
95806
95807
95808
95810
95811
95812
95813
95816
95819
95822
95824
95827
95829
95830
95831
95832
95833
95834
95851
95852
95857
95858
95860
95861
95863
95864
95867
95868
95869
95870
95872
95875
95900
95903
95904
95920
95921
95922
95923
95925
95926
95927
95930
95933
95934
95936
95937
95950
95951
95953
95954
95955
95956
95957
95958
95961
95962
95965
95966
95967
95970
95971
95972
95973
95974
95975
95990
95999
96000
96001
96002
96003
96004
96100
96105
96110
96111
96115
96117
96150
96151
96152
96153
96154
96155
96400
96405
96406
96408
96410
96412
96414
96420
96422
96423
96425
96440
96445
96450
96520
96530
96542
96545
96549
96567
96570
96571
96900
96902
96910
96912
96913
96920
96921
96922
96999
97001
97002
97003
97004
97005
97006
97010
97012
97014
97016
97018
97020
97022
97024
97026
97028
97032
97033
97034
97035
97036
97039
97110
97112
97113
97116
97124
97139
97140
97150
97504
97520
97530
97532
97533
97535
97537
97542
97545
97546
97601
97602
97703
97750
97780
97781
97799
97802
97803
97804
98925
98926
98927
98928
98929
98940
98941
98942
98943
99000
99001
99002
99024
99025
99026
99027
99050
99052
99054
99056
99058
99070
99071
99075
99078
99080
99082
99090
99091
99100
99116
99135
99140
99141
99142
99170
99172
99173
99175
99183
99185
99186
99190
99191
99192
99195
99199
99201
99202
99203
99204
99205
99211
99212
99213
99214
99215
99217
99218
99219
99220
99221
99222
99223
99231
99232
99233
99234
99235
99236
99238
99239
99241
99242
99243
99244
99245
99251
99252
99253
99254
99255
99261
99262
99263
99271
99272
99273
99274
99275
99281
99282
99283
99284
99285
99288
99289
99290
99291
99292
99293
99294
99295
99296
99298
99299
99301
99302
99303
99311
99312
99313
99315
99316
99321
99322
99323
99331
99332
99333
99341
99342
99343
99344
99345
99347
99348
99349
99350
99354
99355
99356
99357
99358
99359
99360
99361
99362
99371
99372
99373
99374
99375
99377
99378
99379
99380
99381
99382
99383
99384
99385
99386
99387
99391
99392
99393
99394
99395
99396
99397
99401
99402
99403
99404
99411
99412
99420
99429
99431
99432
99433
99435
99436
99440
99450
99455
99456
99499
99500
99501
99502
99503
99504
99505
99506
99507
99509
99510
99511
99512
99551
99552
99553
99554
99555
99556
99557
99558
99559
99560
99561
99562
99563
99564
99565
99566
99567
99568
99569
99600
0001T
0002T
0003T
0005T
0006T
0007T
0008T
0009T
00100
00102
00103
00104
0010T
00120
00124
00126
0012T
0013T
00140
00142
00144
00145
00147
00148
0014T
00160
00162
00164
0016T
00170
00172
00174
00176
0017T
0018T
00190
00192
0019T
0020T
00210
00212
00214
00215
00216
00218
0021T
00220
00222
0023T
0024T
0025T
0026T
0027T
0028T
0029T
00300
0030T
0031T
00320
00322
00326
0032T
0033T
0034T
00350
00352
0035T
0036T
0037T
0038T
0039T
00400
00402
00404
00406
0040T
00410
0041T
0042T
0043T
0044T
00450
00452
00454
00470
00472
00474
00500
00520
00522
00524
00528
00530
00532
00534
00537
00539
00540
00541
00542
00544
00546
00548
00550
00560
00562
00563
00566
00580
00600
00604
00620
00622
00630
00632
00634
00635
00640
00670
00700
00702
00730
00740
00750
00752
00754
00756
00770
00790
00792
00794
00796
00797
00800
00802
00810
00820
00830
00832
00834
00836
00840
00842
00844
00846
00848
00851
00860
00862
00864
00865
00866
00868
00870
00872
00873
00880
00882
00902
00904
00906
00908
00910
00912
00914
00916
00918
00920
00921
00922
00924
00926
00928
00930
00932
00934
00936
00938
00940
00942
00944
00948
00950
00952
01112
01120
01130
01140
01150
01160
01170
01180
01190
01200
01202
01210
01212
01214
01215
01220
01230
01232
01234
01250
01260
01270
01272
01274
01320
01340
01360
01380
01382
01390
01392
01400
01402
01404
01420
01430
01432
01440
01442
01444
01462
01464
01470
01472
01474
01480
01482
01484
01486
01490
01500
01502
01520
01522
01610
01620
01622
01630
01632
01634
01636
01638
01650
01652
01654
01656
01670
01680
01682
01710
01712
01714
01716
01730
01732
01740
01742
01744
01756
01758
01760
01770
01772
01780
01782
01810
01820
01829
01830
01832
01840
01842
01844
01850
01852
01860
01905
01916
01920
01922
01924
01925
01926
01930
01931
01932
01933
01951
01952
01953
01960
01961
01962
01963
01964
01967
01968
01969
01990
01991
01992
01995
01996
01999
A0021
A0080
A0090
A0100
A0110
A0120
A0130
A0140
A0160
A0170
A0180
A0190
A0200
A0210
A0225
A0380
A0382
A0384
A0390
A0392
A0394
A0396
A0398
A0420
A0422
A0424
A0425
A0426
A0427
A0428
A0429
A0430
A0431
A0432
A0433
A0434
A0435
A0436
A0888
A0999
A4206
A4207
A4208
A4209
A4210
A4211
A4212
A4213
A4214
A4215
A4220
A4221
A4222
A4230
A4231
A4232
A4244
A4245
A4246
A4247
A4250
A4253
A4254
A4255
A4256
A4257
A4258
A4259
A4260
A4261
A4262
A4263
A4265
A4266
A4267
A4268
A4269
A4270
A4280
A4281
A4282
A4283
A4284
A4285
A4286
A4290
A4300
A4301
A4305
A4306
A4310
A4311
A4312
A4313
A4314
A4315
A4316
A4319
A4320
A4321
A4322
A4323
A4324
A4325
A4326
A4327
A4328
A4330
A4331
A4332
A4333
A4334
A4335
A4338
A4340
A4344
A4346
A4347
A4348
A4351
A4352
A4353
A4354
A4355
A4356
A4357
A4358
A4359
A4361
A4362
A4364
A4365
A4367
A4368
A4369
A4371
A4372
A4373
A4375
A4376
A4377
A4378
A4379
A4380
A4381
A4382
A4383
A4384
A4385
A4387
A4388
A4389
A4390
A4391
A4392
A4393
A4394
A4395
A4396
A4397
A4398
A4399
A4400
A4402
A4404
A4405
A4406
A4407
A4408
A4409
A4410
A4413
A4414
A4415
A4421
A4422
A4450
A4452
A4455
A4458
A4462
A4465
A4470
A4480
A4481
A4483
A4490
A4495
A4500
A4510
A4521
A4522
A4523
A4524
A4525
A4526
A4527
A4528
A4529
A4530
A4531
A4532
A4533
A4534
A4535
A4536
A4537
A4538
A4550
A4554
A4556
A4557
A4558
A4561
A4562
A4565
A4570
A4575
A4580
A4590
A4595
A4606
A4608
A4609
A4610
A4611
A4612
A4613
A4614
A4615
A4616
A4617
A4618
A4619
A4620
A4621
A4622
A4623
A4624
A4625
A4626
A4627
A4628
A4629
A4630
A4631
A4632
A4633
A4634
A4635
A4636
A4637
A4639
A4640
A4641
A4642
A4643
A4644
A4645
A4646
A4647
A4649
A4651
A4652
A4653
A4656
A4657
A4660
A4663
A4670
A4680
A4690
A4706
A4707
A4708
A4709
A4712
A4714
A4719
A4720
A4721
A4722
A4723
A4724
A4725
A4726
A4730
A4736
A4737
A4740
A4750
A4755
A4760
A4765
A4766
A4770
A4771
A4772
A4773
A4774
A4802
A4860
A4870
A4890
A4911
A4913
A4918
A4927
A4928
A4929
A4930
A4931
A4932
A5051
A5052
A5053
A5054
A5055
A5061
A5062
A5063
A5071
A5072
A5073
A5081
A5082
A5093
A5102
A5105
A5112
A5113
A5114
A5119
A5121
A5122
A5126
A5131
A5200
A5500
A5501
A5503
A5504
A5505
A5506
A5507
A5508
A5509
A5510
A5511
A6000
A6010
A6011
A6021
A6022
A6023
A6024
A6025
A6154
A6196
A6197
A6198
A6199
A6200
A6201
A6202
A6203
A6204
A6205
A6206
A6207
A6208
A6209
A6210
A6211
A6212
A6213
A6214
A6215
A6216
A6217
A6218
A6219
A6220
A6221
A6222
A6223
A6224
A6228
A6229
A6230
A6231
A6232
A6233
A6234
A6235
A6236
A6237
A6238
A6239
A6240
A6241
A6242
A6243
A6244
A6245
A6246
A6247
A6248
A6250
A6251
A6252
A6253
A6254
A6255
A6256
A6257
A6258
A6259
A6260
A6261
A6262
A6266
A6402
A6403
A6404
A6410
A6411
A6412
A6421
A6422
A6424
A6426
A6428
A6430
A6432
A6434
A6436
A6438
A6440
A6501
A6502
A6503
A6504
A6505
A6506
A6507
A6508
A6509
A6510
A6511
A6512
A7000
A7001
A7002
A7003
A7004
A7005
A7006
A7007
A7008
A7009
A7010
A7011
A7012
A7013
A7014
A7015
A7016
A7017
A7018
A7019
A7020
A7025
A7026
A7030
A7031
A7032
A7033
A7034
A7035
A7036
A7037
A7038
A7039
A7042
A7043
A7044
A7501
A7502
A7503
A7504
A7505
A7506
A7507
A7508
A7509
A9150
A9270
A9300
A9500
A9502
A9503
A9504
A9505
A9507
A9508
A9510
A9511
A9512
A9513
A9514
A9515
A9516
A9517
A9518
A9519
A9520
A9521
A9522
A9523
A9524
A9600
A9603
A9605
A9699
A9700
A9900
A9901
B4034
B4035
B4036
B4081
B4082
B4083
B4086
B4100
B4150
B4151
B4152
B4153
B4154
B4155
B4156
B4164
B4168
B4172
B4176
B4178
B4180
B4184
B4186
B4189
B4193
B4197
B4199
B4216
B4220
B4222
B4224
B5000
B5100
B5200
B9000
B9002
B9004
B9006
B9998
B9999
C1010
C1011
C1015
C1016
C1017
C1018
C1020
C1021
C1022
C1031
C1079
C1088
C1091
C1092
C1122
C1146
C1166
C1167
C1170
C1177
C1178
C1200
C1201
C1300
C1305
C1321
C1322
C1323
C1324
C1329
C1368
C1713
C1716
C1718
C1719
C1720
C1765
C1774
C1775
C1783
C1888
C1900
C2600
C2614
C2616
C2618
C2632
C8900
C8901
C8902
C8903
C8904
C8905
C8906
C8907
C8908
C8909
C8910
C8911
C8912
C8913
C8914
C9000
C9003
C9007
C9008
C9009
C9010
C9013
C9102
C9103
C9105
C9109
C9111
C9112
C9113
C9116
C9119
C9120
C9121
C9200
C9201
C9503
C9701
C9703
C9711
D0120
D0140
D0150
D0160
D0170
D0180
D0210
D0220
D0230
D0240
D0250
D0260
D0270
D0272
D0274
D0277
D0290
D0310
D0320
D0321
D0322
D0330
D0340
D0350
D0415
D0425
D0460
D0470
D0472
D0473
D0474
D0480
D0502
D0999
D1110
D1120
D1201
D1203
D1204
D1205
D1310
D1320
D1330
D1351
D1510
D1515
D1520
D1525
D1550
D2140
D2150
D2160
D2161
D2330
D2331
D2332
D2335
D2390
D2391
D2392
D2393
D2394
D2410
D2420
D2430
D2510
D2520
D2530
D2542
D2543
D2544
D2610
D2620
D2630
D2642
D2643
D2644
D2650
D2651
D2652
D2662
D2663
D2664
D2710
D2720
D2721
D2722
D2740
D2750
D2751
D2752
D2780
D2781
D2782
D2783
D2790
D2791
D2792
D2799
D2910
D2920
D2930
D2931
D2932
D2933
D2940
D2950
D2951
D2952
D2953
D2954
D2955
D2957
D2960
D2961
D2962
D2970
D2980
D2999
D3110
D3120
D3220
D3221
D3230
D3240
D3310
D3320
D3330
D3331
D3332
D3333
D3346
D3347
D3348
D3351
D3352
D3353
D3410
D3421
D3425
D3426
D3430
D3450
D3460
D3470
D3910
D3920
D3950
D3999
D4210
D4211
D4240
D4241
D4245
D4249
D4260
D4261
D4263
D4264
D4265
D4266
D4267
D4268
D4270
D4271
D4273
D4274
D4275
D4276
D4320
D4321
D4341
D4342
D4355
D4381
D4910
D4920
D4999
D5110
D5120
D5130
D5140
D5211
D5212
D5213
D5214
D5281
D5410
D5411
D5421
D5422
D5510
D5520
D5610
D5620
D5630
D5640
D5650
D5660
D5670
D5671
D5710
D5711
D5720
D5721
D5730
D5731
D5740
D5741
D5750
D5751
D5760
D5761
D5810
D5811
D5820
D5821
D5850
D5851
D5860
D5861
D5862
D5867
D5875
D5899
D5911
D5912
D5913
D5914
D5915
D5916
D5919
D5922
D5923
D5924
D5925
D5926
D5927
D5928
D5929
D5931
D5932
D5933
D5934
D5935
D5936
D5937
D5951
D5952
D5953
D5954
D5955
D5958
D5959
D5960
D5982
D5983
D5984
D5985
D5986
D5987
D5988
D5999
D6010
D6020
D6040
D6050
D6053
D6054
D6055
D6056
D6057
D6058
D6059
D6060
D6061
D6062
D6063
D6064
D6065
D6066
D6067
D6068
D6069
D6070
D6071
D6072
D6073
D6074
D6075
D6076
D6077
D6078
D6079
D6080
D6090
D6095
D6100
D6199
D6210
D6211
D6212
D6240
D6241
D6242
D6245
D6250
D6251
D6252
D6253
D6545
D6548
D6600
D6601
D6602
D6603
D6604
D6605
D6606
D6607
D6608
D6609
D6610
D6611
D6612
D6613
D6614
D6615
D6720
D6721
D6722
D6740
D6750
D6751
D6752
D6780
D6781
D6782
D6783
D6790
D6791
D6792
D6793
D6920
D6930
D6940
D6950
D6970
D6971
D6972
D6973
D6975
D6976
D6977
D6980
D6985
D6999
D7111
D7140
D7210
D7220
D7230
D7240
D7241
D7250
D7260
D7261
D7270
D7272
D7280
D7281
D7282
D7285
D7286
D7287
D7290
D7291
D7310
D7320
D7340
D7350
D7410
D7411
D7412
D7413
D7414
D7415
D7440
D7441
D7450
D7451
D7460
D7461
D7465
D7471
D7472
D7473
D7485
D7490
D7510
D7520
D7530
D7540
D7550
D7560
D7610
D7620
D7630
D7640
D7650
D7660
D7670
D7671
D7680
D7710
D7720
D7730
D7740
D7750
D7760
D7770
D7771
D7780
D7810
D7820
D7830
D7840
D7850
D7852
D7854
D7856
D7858
D7860
D7865
D7870
D7871
D7872
D7873
D7874
D7875
D7876
D7877
D7880
D7899
D7910
D7911
D7912
D7920
D7940
D7941
D7943
D7944
D7945
D7946
D7947
D7948
D7949
D7950
D7955
D7960
D7970
D7971
D7972
D7980
D7981
D7982
D7983
D7990
D7991
D7995
D7996
D7997
D7999
D8010
D8020
D8030
D8040
D8050
D8060
D8070
D8080
D8090
D8210
D8220
D8660
D8670
D8680
D8690
D8691
D8692
D8999
D9110
D9210
D9211
D9212
D9215
D9220
D9221
D9230
D9241
D9242
D9248
D9310
D9410
D9420
D9430
D9440
D9450
D9610
D9630
D9910
D9911
D9920
D9930
D9940
D9941
D9950
D9951
D9952
D9970
D9971
D9972
D9973
D9974
D9999
E0100
E0105
E0110
E0111
E0112
E0113
E0114
E0116
E0117
E0130
E0135
E0141
E0142
E0143
E0144
E0145
E0146
E0147
E0148
E0149
E0153
E0154
E0155
E0156
E0157
E0158
E0159
E0160
E0161
E0162
E0163
E0164
E0165
E0166
E0167
E0168
E0169
E0175
E0176
E0177
E0178
E0179
E0180
E0181
E0182
E0184
E0185
E0186
E0187
E0188
E0189
E0191
E0192
E0193
E0194
E0196
E0197
E0198
E0199
E0200
E0202
E0203
E0205
E0210
E0215
E0217
E0218
E0220
E0221
E0225
E0230
E0231
E0232
E0235
E0236
E0238
E0239
E0241
E0242
E0243
E0244
E0245
E0246
E0249
E0250
E0251
E0255
E0256
E0260
E0261
E0265
E0266
E0270
E0271
E0272
E0273
E0274
E0275
E0276
E0277
E0280
E0290
E0291
E0292
E0293
E0294
E0295
E0296
E0297
E0305
E0310
E0315
E0316
E0325
E0326
E0350
E0352
E0370
E0371
E0372
E0373
E0424
E0425
E0430
E0431
E0434
E0435
E0439
E0440
E0441
E0442
E0443
E0444
E0445
E0450
E0454
E0455
E0457
E0459
E0460
E0461
E0462
E0480
E0481
E0482
E0483
E0484
E0500
E0550
E0555
E0560
E0565
E0570
E0571
E0572
E0574
E0575
E0580
E0585
E0590
E0600
E0601
E0602
E0603
E0604
E0605
E0606
E0607
E0610
E0615
E0616
E0617
E0618
E0619
E0620
E0621
E0625
E0627
E0628
E0629
E0630
E0635
E0636
E0650
E0651
E0652
E0655
E0660
E0665
E0666
E0667
E0668
E0669
E0671
E0672
E0673
E0691
E0692
E0693
E0694
E0700
E0701
E0710
E0720
E0730
E0731
E0740
E0744
E0745
E0746
E0747
E0748
E0749
E0752
E0754
E0755
E0756
E0757
E0758
E0759
E0760
E0761
E0765
E0776
E0779
E0780
E0781
E0782
E0783
E0784
E0785
E0786
E0791
E0830
E0840
E0850
E0855
E0860
E0870
E0880
E0890
E0900
E0910
E0920
E0930
E0935
E0940
E0941
E0942
E0943
E0944
E0945
E0946
E0947
E0948
E0950
E0951
E0952
E0953
E0954
E0958
E0959
E0961
E0962
E0963
E0964
E0965
E0966
E0967
E0968
E0969
E0970
E0971
E0972
E0973
E0974
E0975
E0976
E0977
E0978
E0979
E0980
E0990
E0991
E0992
E0993
E0994
E0995
E0996
E0997
E0998
E0999
E1000
E1001
E1011
E1012
E1013
E1014
E1015
E1016
E1017
E1018
E1020
E1025
E1026
E1027
E1031
E1035
E1037
E1038
E1050
E1060
E1065
E1066
E1069
E1070
E1083
E1084
E1085
E1086
E1087
E1088
E1089
E1090
E1092
E1093
E1100
E1110
E1130
E1140
E1150
E1160
E1161
E1170
E1171
E1172
E1180
E1190
E1195
E1200
E1210
E1211
E1212
E1213
E1220
E1221
E1222
E1223
E1224
E1225
E1226
E1227
E1228
E1230
E1231
E1232
E1233
E1234
E1235
E1236
E1237
E1238
E1240
E1250
E1260
E1270
E1280
E1285
E1290
E1295
E1296
E1297
E1298
E1300
E1310
E1340
E1353
E1355
E1372
E1390
E1399
E1405
E1406
E1500
E1510
E1520
E1530
E1540
E1550
E1560
E1570
E1575
E1580
E1590
E1592
E1594
E1600
E1610
E1615
E1620
E1625
E1630
E1632
E1635
E1636
E1637
E1639
E1699
E1700
E1701
E1702
E1800
E1801
E1802
E1805
E1806
E1810
E1811
E1815
E1816
E1818
E1820
E1821
E1825
E1830
E1840
E1902
E2000
E2100
E2101
G0001
G0008
G0009
G0010
G0025
G0030
G0031
G0032
G0033
G0034
G0035
G0036
G0037
G0038
G0039
G0040
G0041
G0042
G0043
G0044
G0045
G0046
G0047
G0101
G0102
G0103
G0104
G0105
G0106
G0107
G0108
G0109
G0110
G0111
G0112
G0113
G0114
G0115
G0116
G0117
G0118
G0120
G0121
G0122
G0123
G0124
G0125
G0127
G0128
G0129
G0130
G0141
G0143
G0144
G0145
G0147
G0148
G0151
G0152
G0153
G0154
G0155
G0156
G0166
G0167
G0168
G0173
G0175
G0176
G0177
G0179
G0180
G0181
G0182
G0186
G0202
G0204
G0206
G0210
G0211
G0212
G0213
G0214
G0215
G0216
G0217
G0218
G0219
G0220
G0221
G0222
G0223
G0224
G0225
G0226
G0227
G0228
G0229
G0230
G0231
G0232
G0233
G0234
G0236
G0237
G0238
G0239
G0242
G0243
G0244
G0245
G0246
G0247
G0248
G0249
G0250
G0251
G0252
G0253
G0254
G0255
G0256
G0257
G0258
G0259
G0260
G0261
G0262
G0263
G0264
G0265
G0266
G0267
G0268
G0269
G0270
G0271
G0272
G0273
G0274
G0275
G0278
G0279
G0280
G0281
G0282
G0283
G0288
G0289
G0290
G0291
G0292
G0293
G0294
G0295
G9001
G9002
G9003
G9004
G9005
G9006
G9007
G9008
G9009
G9010
G9011
G9012
G9016
H0001
H0002
H0003
H0004
H0005
H0006
H0007
H0008
H0009
H0010
H0011
H0012
H0013
H0014
H0015
H0016
H0017
H0018
H0019
H0020
H0021
H0022
H0023
H0024
H0025
H0026
H0027
H0028
H0029
H0030
H0031
H0032
H0033
H0034
H0035
H0036
H0037
H0038
H0039
H0040
H0041
H0042
H0043
H0044
H0045
H0046
H0047
H0048
H1000
H1001
H1002
H1003
H1004
H1005
H1010
H1011
H2000
H2001
J0120
J0130
J0150
J0151
J0170
J0190
J0200
J0205
J0207
J0210
J0256
J0270
J0275
J0280
J0282
J0285
J0287
J0288
J0289
J0290
J0295
J0300
J0330
J0350
J0360
J0380
J0390
J0395
J0456
J0460
J0470
J0475
J0476
J0500
J0515
J0520
J0530
J0540
J0550
J0560
J0570
J0580
J0585
J0587
J0592
J0600
J0610
J0620
J0630
J0636
J0637
J0640
J0670
J0690
J0692
J0694
J0696
J0697
J0698
J0702
J0704
J0706
J0710
J0713
J0715
J0720
J0725
J0735
J0740
J0743
J0744
J0745
J0760
J0770
J0780
J0800
J0835
J0850
J0880
J0895
J0900
J0945
J0970
J1000
J1020
J1030
J1040
J1051
J1055
J1056
J1060
J1070
J1080
J1094
J1100
J1110
J1120
J1160
J1165
J1170
J1180
J1190
J1200
J1205
J1212
J1230
J1240
J1245
J1250
J1260
J1270
J1320
J1325
J1327
J1330
J1364
J1380
J1390
J1410
J1435
J1436
J1438
J1440
J1441
J1450
J1452
J1455
J1460
J1470
J1480
J1490
J1500
J1510
J1520
J1530
J1540
J1550
J1560
J1563
J1564
J1565
J1570
J1580
J1590
J1600
J1610
J1620
J1626
J1630
J1631
J1642
J1644
J1645
J1650
J1652
J1655
J1670
J1700
J1710
J1720
J1730
J1742
J1745
J1750
J1756
J1785
J1790
J1800
J1810
J1815
J1817
J1825
J1830
J1835
J1840
J1850
J1885
J1890
J1910
J1940
J1950
J1955
J1956
J1960
J1990
J2000
J2010
J2020
J2060
J2150
J2175
J2180
J2210
J2250
J2260
J2270
J2271
J2275
J2300
J2310
J2320
J2321
J2322
J2324
J2352
J2355
J2360
J2370
J2400
J2405
J2410
J2430
J2440
J2460
J2501
J2510
J2515
J2540
J2543
J2545
J2550
J2560
J2590
J2597
J2650
J2670
J2675
J2680
J2690
J2700
J2710
J2720
J2725
J2730
J2760
J2765
J2770
J2780
J2788
J2790
J2792
J2795
J2800
J2810
J2820
J2910
J2912
J2916
J2920
J2930
J2940
J2941
J2950
J2993
J2995
J2997
J3000
J3010
J3030
J3070
J3100
J3105
J3120
J3130
J3140
J3150
J3230
J3240
J3245
J3250
J3260
J3265
J3280
J3301
J3302
J3303
J3305
J3310
J3315
J3320
J3350
J3360
J3364
J3365
J3370
J3395
J3400
J3410
J3420
J3430
J3470
J3475
J3480
J3485
J3487
J3490
J3520
J3530
J3535
J3570
J3590
J7030
J7040
J7042
J7050
J7051
J7060
J7070
J7100
J7110
J7120
J7130
J7190
J7191
J7192
J7193
J7194
J7195
J7197
J7198
J7199
J7300
J7302
J7308
J7310
J7317
J7320
J7330
J7340
J7342
J7350
J7500
J7501
J7502
J7504
J7505
J7506
J7507
J7508
J7509
J7510
J7511
J7513
J7515
J7516
J7517
J7520
J7525
J7599
J7608
J7618
J7619
J7622
J7624
J7626
J7628
J7629
J7631
J7633
J7635
J7636
J7637
J7638
J7639
J7641
J7642
J7643
J7644
J7648
J7649
J7658
J7659
J7668
J7669
J7680
J7681
J7682
J7683
J7684
J7699
J7799
J8499
J8510
J8520
J8521
J8530
J8560
J8600
J8610
J8700
J8999
J9000
J9001
J9010
J9015
J9017
J9020
J9031
J9040
J9045
J9050
J9060
J9062
J9065
J9070
J9080
J9090
J9091
J9092
J9093
J9094
J9095
J9096
J9097
J9100
J9110
J9120
J9130
J9140
J9150
J9151
J9160
J9165
J9170
J9180
J9181
J9182
J9185
J9190
J9200
J9201
J9202
J9206
J9208
J9209
J9211
J9212
J9213
J9214
J9215
J9216
J9217
J9218
J9219
J9230
J9245
J9250
J9260
J9265
J9266
J9268
J9270
J9280
J9290
J9291
J9293
J9300
J9310
J9320
J9340
J9350
J9355
J9357
J9360
J9370
J9375
J9380
J9390
J9600
J9999
K0001
K0002
K0003
K0004
K0005
K0006
K0007
K0009
K0010
K0011
K0012
K0014
K0015
K0016
K0017
K0018
K0019
K0020
K0022
K0023
K0024
K0025
K0026
K0027
K0028
K0029
K0030
K0031
K0032
K0033
K0035
K0036
K0037
K0038
K0039
K0040
K0041
K0042
K0043
K0044
K0045
K0046
K0047
K0048
K0049
K0050
K0051
K0052
K0053
K0054
K0055
K0056
K0057
K0058
K0059
K0060
K0061
K0062
K0063
K0064
K0065
K0066
K0067
K0068
K0069
K0070
K0071
K0072
K0073
K0074
K0075
K0076
K0077
K0078
K0079
K0080
K0081
K0082
K0083
K0084
K0085
K0086
K0087
K0088
K0089
K0090
K0091
K0092
K0093
K0094
K0095
K0096
K0097
K0098
K0099
K0100
K0102
K0103
K0104
K0105
K0106
K0107
K0108
K0112
K0113
K0114
K0115
K0116
K0195
K0268
K0415
K0416
K0452
K0455
K0460
K0461
K0462
K0531
K0532
K0533
K0534
K0538
K0539
K0540
K0541
K0542
K0543
K0544
K0545
K0546
K0547
K0549
K0550
K0556
K0557
K0558
K0559
K0581
K0582
K0583
K0584
K0585
K0586
K0587
K0588
K0589
K0590
K0591
K0592
K0593
K0594
K0595
K0596
K0597
L0100
L0110
L0120
L0130
L0140
L0150
L0160
L0170
L0172
L0174
L0180
L0190
L0200
L0210
L0220
L0450
L0452
L0454
L0456
L0458
L0460
L0462
L0464
L0466
L0468
L0470
L0472
L0474
L0476
L0478
L0480
L0482
L0484
L0486
L0488
L0490
L0500
L0510
L0515
L0520
L0530
L0540
L0550
L0560
L0561
L0565
L0600
L0610
L0620
L0700
L0710
L0810
L0820
L0830
L0860
L0960
L0970
L0972
L0974
L0976
L0978
L0980
L0982
L0984
L0999
L1000
L1005
L1010
L1020
L1025
L1030
L1040
L1050
L1060
L1070
L1080
L1085
L1090
L1100
L1110
L1120
L1200
L1210
L1220
L1230
L1240
L1250
L1260
L1270
L1280
L1290
L1300
L1310
L1499
L1500
L1510
L1520
L1600
L1610
L1620
L1630
L1640
L1650
L1652
L1660
L1680
L1685
L1686
L1690
L1700
L1710
L1720
L1730
L1750
L1755
L1800
L1810
L1815
L1820
L1825
L1830
L1832
L1834
L1836
L1840
L1843
L1844
L1845
L1846
L1847
L1850
L1855
L1858
L1860
L1870
L1880
L1885
L1900
L1901
L1902
L1904
L1906
L1910
L1920
L1930
L1940
L1945
L1950
L1960
L1970
L1980
L1990
L2000
L2010
L2020
L2030
L2035
L2036
L2037
L2038
L2039
L2040
L2050
L2060
L2070
L2080
L2090
L2102
L2104
L2106
L2108
L2112
L2114
L2116
L2122
L2124
L2126
L2128
L2132
L2134
L2136
L2180
L2182
L2184
L2186
L2188
L2190
L2192
L2200
L2210
L2220
L2230
L2240
L2250
L2260
L2265
L2270
L2275
L2280
L2300
L2310
L2320
L2330
L2335
L2340
L2350
L2360
L2370
L2375
L2380
L2385
L2390
L2395
L2397
L2405
L2415
L2425
L2430
L2435
L2492
L2500
L2510
L2520
L2525
L2526
L2530
L2540
L2550
L2570
L2580
L2600
L2610
L2620
L2622
L2624
L2627
L2628
L2630
L2640
L2650
L2660
L2670
L2680
L2750
L2755
L2760
L2768
L2770
L2780
L2785
L2795
L2800
L2810
L2820
L2830
L2840
L2850
L2860
L2999
L3000
L3001
L3002
L3003
L3010
L3020
L3030
L3040
L3050
L3060
L3070
L3080
L3090
L3100
L3140
L3150
L3160
L3170
L3201
L3202
L3203
L3204
L3206
L3207
L3208
L3209
L3211
L3212
L3213
L3214
L3215
L3216
L3217
L3219
L3221
L3222
L3224
L3225
L3230
L3250
L3251
L3252
L3253
L3254
L3255
L3257
L3260
L3265
L3300
L3310
L3320
L3330
L3332
L3334
L3340
L3350
L3360
L3370
L3380
L3390
L3400
L3410
L3420
L3430
L3440
L3450
L3455
L3460
L3465
L3470
L3480
L3485
L3500
L3510
L3520
L3530
L3540
L3550
L3560
L3570
L3580
L3590
L3595
L3600
L3610
L3620
L3630
L3640
L3649
L3650
L3651
L3652
L3660
L3670
L3675
L3677
L3700
L3701
L3710
L3720
L3730
L3740
L3760
L3762
L3800
L3805
L3807
L3810
L3815
L3820
L3825
L3830
L3835
L3840
L3845
L3850
L3855
L3860
L3890
L3900
L3901
L3902
L3904
L3906
L3907
L3908
L3909
L3910
L3911
L3912
L3914
L3916
L3918
L3920
L3922
L3923
L3924
L3926
L3928
L3930
L3932
L3934
L3936
L3938
L3940
L3942
L3944
L3946
L3948
L3950
L3952
L3954
L3956
L3960
L3962
L3963
L3964
L3965
L3966
L3968
L3969
L3970
L3972
L3974
L3980
L3982
L3984
L3985
L3986
L3995
L3999
L4000
L4010
L4020
L4030
L4040
L4045
L4050
L4055
L4060
L4070
L4080
L4090
L4100
L4110
L4130
L4205
L4210
L4350
L4360
L4370
L4380
L4386
L4392
L4394
L4396
L4398
L5000
L5010
L5020
L5050
L5060
L5100
L5105
L5150
L5160
L5200
L5210
L5220
L5230
L5250
L5270
L5280
L5301
L5311
L5321
L5331
L5341
L5400
L5410
L5420
L5430
L5450
L5460
L5500
L5505
L5510
L5520
L5530
L5535
L5540
L5560
L5570
L5580
L5585
L5590
L5595
L5600
L5610
L5611
L5613
L5614
L5616
L5617
L5618
L5620
L5622
L5624
L5626
L5628
L5629
L5630
L5631
L5632
L5634
L5636
L5637
L5638
L5639
L5640
L5642
L5643
L5644
L5645
L5646
L5647
L5648
L5649
L5650
L5651
L5652
L5653
L5654
L5655
L5656
L5658
L5661
L5665
L5666
L5668
L5670
L5671
L5672
L5674
L5675
L5676
L5677
L5678
L5680
L5682
L5684
L5686
L5688
L5690
L5692
L5694
L5695
L5696
L5697
L5698
L5699
L5700
L5701
L5702
L5704
L5705
L5706
L5707
L5710
L5711
L5712
L5714
L5716
L5718
L5722
L5724
L5726
L5728
L5780
L5781
L5782
L5785
L5790
L5795
L5810
L5811
L5812
L5814
L5816
L5818
L5822
L5824
L5826
L5828
L5830
L5840
L5845
L5846
L5847
L5848
L5850
L5855
L5910
L5920
L5925
L5930
L5940
L5950
L5960
L5962
L5964
L5966
L5968
L5970
L5972
L5974
L5975
L5976
L5978
L5979
L5980
L5981
L5982
L5984
L5985
L5986
L5987
L5988
L5989
L5990
L5995
L5999
L6000
L6010
L6020
L6025
L6050
L6055
L6100
L6110
L6120
L6130
L6200
L6205
L6250
L6300
L6310
L6320
L6350
L6360
L6370
L6380
L6382
L6384
L6386
L6388
L6400
L6450
L6500
L6550
L6570
L6580
L6582
L6584
L6586
L6588
L6590
L6600
L6605
L6610
L6615
L6616
L6620
L6623
L6625
L6628
L6629
L6630
L6632
L6635
L6637
L6638
L6640
L6641
L6642
L6645
L6646
L6647
L6648
L6650
L6655
L6660
L6665
L6670
L6672
L6675
L6676
L6680
L6682
L6684
L6686
L6687
L6688
L6689
L6690
L6691
L6692
L6693
L6700
L6705
L6710
L6715
L6720
L6725
L6730
L6735
L6740
L6745
L6750
L6755
L6765
L6770
L6775
L6780
L6790
L6795
L6800
L6805
L6806
L6807
L6808
L6809
L6810
L6825
L6830
L6835
L6840
L6845
L6850
L6855
L6860
L6865
L6867
L6868
L6870
L6872
L6873
L6875
L6880
L6881
L6882
L6890
L6895
L6900
L6905
L6910
L6915
L6920
L6925
L6930
L6935
L6940
L6945
L6950
L6955
L6960
L6965
L6970
L6975
L7010
L7015
L7020
L7025
L7030
L7035
L7040
L7045
L7170
L7180
L7185
L7186
L7190
L7191
L7260
L7261
L7266
L7272
L7274
L7360
L7362
L7364
L7366
L7367
L7368
L7499
L7500
L7510
L7520
L7900
L8000
L8001
L8002
L8010
L8015
L8020
L8030
L8035
L8039
L8040
L8041
L8042
L8043
L8044
L8045
L8046
L8047
L8048
L8049
L8100
L8110
L8120
L8130
L8140
L8150
L8160
L8170
L8180
L8190
L8195
L8200
L8210
L8220
L8230
L8239
L8300
L8310
L8320
L8330
L8400
L8410
L8415
L8417
L8420
L8430
L8435
L8440
L8460
L8465
L8470
L8480
L8485
L8490
L8499
L8500
L8501
L8505
L8507
L8509
L8510
L8600
L8603
L8606
L8610
L8612
L8613
L8614
L8619
L8630
L8641
L8642
L8658
L8670
L8699
L9900
M0064
M0075
M0076
M0100
M0300
M0301
P2028
P2029
P2031
P2033
P2038
P3000
P3001
P7001
P9010
P9011
P9012
P9016
P9017
P9019
P9020
P9021
P9022
P9023
P9031
P9032
P9033
P9034
P9035
P9036
P9037
P9038
P9039
P9040
P9041
P9043
P9044
P9045
P9046
P9047
P9048
P9050
P9603
P9604
P9612
P9615
Q0035
Q0081
Q0083
Q0084
Q0085
Q0086
Q0091
Q0092
Q0111
Q0112
Q0113
Q0114
Q0115
Q0136
Q0144
Q0163
Q0164
Q0165
Q0166
Q0167
Q0168
Q0169
Q0170
Q0171
Q0172
Q0173
Q0174
Q0175
Q0176
Q0177
Q0178
Q0179
Q0180
Q0181
Q0183
Q0184
Q0187
Q1001
Q1002
Q1003
Q1004
Q1005
Q2001
Q2002
Q2003
Q2004
Q2005
Q2006
Q2007
Q2008
Q2009
Q2010
Q2011
Q2012
Q2013
Q2014
Q2017
Q2018
Q2019
Q2020
Q2021
Q2022
Q3000
Q3001
Q3002
Q3003
Q3004
Q3005
Q3006
Q3007
Q3008
Q3009
Q3010
Q3011
Q3012
Q3014
Q3019
Q3020
Q3021
Q3022
Q3023
Q3025
Q3026
Q4001
Q4002
Q4003
Q4004
Q4005
Q4006
Q4007
Q4008
Q4009
Q4010
Q4011
Q4012
Q4013
Q4014
Q4015
Q4016
Q4017
Q4018
Q4019
Q4020
Q4021
Q4022
Q4023
Q4024
Q4025
Q4026
Q4027
Q4028
Q4029
Q4030
Q4031
Q4032
Q4033
Q4034
Q4035
Q4036
Q4037
Q4038
Q4039
Q4040
Q4041
Q4042
Q4043
Q4044
Q4045
Q4046
Q4047
Q4048
Q4049
Q4050
Q4051
Q9920
Q9921
Q9922
Q9923
Q9924
Q9925
Q9926
Q9927
Q9928
Q9929
Q9930
Q9931
Q9932
Q9933
Q9934
Q9935
Q9936
Q9937
Q9938
Q9939
Q9940
R0070
R0075
R0076
S0009
S0012
S0014
S0016
S0017
S0020
S0021
S0023
S0028
S0030
S0032
S0034
S0039
S0040
S0071
S0072
S0073
S0074
S0077
S0078
S0079
S0080
S0081
S0088
S0090
S0091
S0092
S0093
S0104
S0106
S0108
S0114
S0122
S0124
S0126
S0128
S0130
S0132
S0135
S0155
S0156
S0157
S0170
S0171
S0172
S0173
S0174
S0175
S0176
S0177
S0178
S0179
S0181
S0182
S0183
S0187
S0189
S0190
S0191
S0195
S0199
S0201
S0207
S0208
S0209
S0215
S0220
S0221
S0250
S0255
S0260
S0302
S0310
S0315
S0316
S0320
S0340
S0341
S0342
S0390
S0395
S0400
S0500
S0504
S0506
S0508
S0510
S0512
S0514
S0516
S0518
S0580
S0581
S0590
S0592
S0601
S0605
S0610
S0612
S0620
S0621
S0622
S0630
S0800
S0810
S0812
S0820
S0830
S1001
S1002
S1015
S1016
S1025
S1030
S1031
S1040
S2053
S2054
S2055
S2060
S2061
S2065
S2080
S2102
S2103
S2107
S2112
S2115
S2120
S2130
S2140
S2142
S2150
S2202
S2205
S2206
S2207
S2208
S2209
S2211
S2250
S2260
S2262
S2265
S2266
S2267
S2300
S2340
S2341
S2342
S2350
S2351
S2360
S2361
S2370
S2371
S2400
S2401
S2402
S2403
S2404
S2405
S2409
S2411
S3600
S3601
S3620
S3630
S3645
S3650
S3652
S3655
S3701
S3708
S3818
S3819
S3830
S3831
S3835
S3837
S3900
S3902
S3904
S4005
S4011
S4013
S4014
S4015
S4016
S4017
S4018
S4020
S4021
S4022
S4023
S4025
S4026
S4027
S4028
S4030
S4031
S4035
S4036
S4037
S4040
S4981
S4989
S4990
S4991
S4993
S4995
S5000
S5001
S5010
S5011
S5012
S5013
S5014
S5035
S5036
S5100
S5101
S5102
S5105
S5110
S5111
S5115
S5116
S5120
S5121
S5125
S5126
S5130
S5131
S5135
S5136
S5140
S5141
S5145
S5146
S5150
S5151
S5160
S5161
S5162
S5165
S5170
S5175
S5180
S5181
S5185
S5190
S5199
S5497
S5498
S5501
S5502
S5517
S5518
S5520
S5521
S5522
S5523
S8004
S8030
S8035
S8037
S8040
S8042
S8049
S8055
S8080
S8085
S8092
S8095
S8096
S8097
S8100
S8101
S8110
S8180
S8181
S8182
S8183
S8185
S8186
S8189
S8190
S8210
S8260
S8262
S8265
S8415
S8420
S8421
S8422
S8423
S8424
S8425
S8426
S8427
S8428
S8429
S8430
S8431
S8450
S8451
S8452
S8490
S8945
S8950
S8999
S9001
S9007
S9015
S9022
S9024
S9025
S9034
S9055
S9056
S9061
S9075
S9083
S9088
S9090
S9092
S9098
S9109
S9117
S9122
S9123
S9124
S9125
S9126
S9127
S9128
S9129
S9131
S9140
S9141
S9145
S9150
S9208
S9209
S9211
S9212
S9213
S9214
S9325
S9326
S9327
S9328
S9329
S9330
S9331
S9336
S9338
S9339
S9340
S9341
S9342
S9343
S9345
S9346
S9347
S9348
S9349
S9351
S9353
S9355
S9357
S9359
S9361
S9363
S9364
S9365
S9366
S9367
S9368
S9370
S9372
S9373
S9374
S9375
S9376
S9377
S9379
S9381
S9401
S9430
S9435
S9436
S9437
S9438
S9439
S9441
S9442
S9443
S9444
S9445
S9446
S9447
S9449
S9451
S9452
S9453
S9454
S9455
S9460
S9465
S9470
S9472
S9473
S9474
S9475
S9480
S9484
S9485
S9490
S9494
S9497
S9500
S9501
S9502
S9503
S9504
S9524
S9529
S9537
S9538
S9542
S9546
S9558
S9559
S9560
S9562
S9590
S9802
S9803
S9806
S9810
S9900
S9970
S9975
S9981
S9982
S9986
S9989
S9990
S9991
S9992
S9994
S9996
S9999
T1000
T1001
T1002
T1003
T1004
T1005
T1006
T1007
T1008
T1009
T1010
T1011
T1012
T1013
T1014
T1015
T1016
T1017
T1018
T1019
T1020
T1021
T1022
T1023
T1024
T1025
T1026
T1027
T1028
T1029
T1030
T1031
T1500
T1502
T1999
T2001
T2002
T2003
T2004
T2005
T2006
T2007
V2020
V2025
V2100
V2101
V2102
V2103
V2104
V2105
V2106
V2107
V2108
V2109
V2110
V2111
V2112
V2113
V2114
V2115
V2116
V2117
V2118
V2199
V2200
V2201
V2202
V2203
V2204
V2205
V2206
V2207
V2208
V2209
V2210
V2211
V2212
V2213
V2214
V2215
V2216
V2217
V2218
V2219
V2220
V2299
V2300
V2301
V2302
V2303
V2304
V2305
V2306
V2307
V2308
V2309
V2310
V2311
V2312
V2313
V2314
V2315
V2316
V2317
V2318
V2319
V2320
V2399
V2410
V2430
V2499
V2500
V2501
V2502
V2503
V2510
V2511
V2512
V2513
V2520
V2521
V2522
V2523
V2530
V2531
V2599
V2600
V2610
V2615
V2623
V2624
V2625
V2626
V2627
V2628
V2629
V2630
V2631
V2632
V2700
V2710
V2715
V2718
V2730
V2740
V2741
V2742
V2743
V2744
V2750
V2755
V2760
V2770
V2780
V2781
V2785
V2790
V2799
V5008
V5010
V5011
V5014
V5020
V5030
V5040
V5050
V5060
V5070
V5080
V5090
V5095
V5100
V5110
V5120
V5130
V5140
V5150
V5160
V5170
V5180
V5190
V5200
V5210
V5220
V5230
V5240
V5241
V5242
V5243
V5244
V5245
V5246
V5247
V5248
V5249
V5250
V5251
V5252
V5253
V5254
V5255
V5256
V5257
V5258
V5259
V5260
V5261
V5262
V5263
V5264
V5265
V5266
V5267
V5268
V5269
V5270
V5271
V5272
V5273
V5274
V5275
V5298
V5299
V5336
V5362
V5363
V5364
